33268858 25 3 1995
60985496 9 12 1979
89050083 17 12 1953
14405014 13 3 1975
51286453 20 11 2010
26708465 26 10 1959
27490744 11 8 1991
92872802 27 10 1970
66230500 10 11 2001
47038001 6 6 1988
57714809 18 8 1963
65252640 13 4 1950
22238623 8 8 1986
69000152 5 2 1967
53794660 19 10 1972
32961310 10 4 1980
48393499 13 9 1955
20538524 4 8 1963
78602529 15 8 1985
48060882 13 8 1958
99462645 22 7 1975
61198683 9 11 1961
41323467 25 5 1954
38424166 3 12 2009
48806908 22 10 1994
80966949 10 10 1960
66185562 9 8 1975
17699366 1 1 1965
32232764 16 6 1991
83502370 9 7 1984
99176324 18 11 2001
52948609 11 3 1982
71344847 27 3 1950
27118700 28 7 1986
14999875 9 3 2001
46906097 18 3 1986
29507500 3 5 1984
41170481 4 9 1957
71668401 14 12 1979
65965585 13 4 1970
65786139 11 7 1977
22606564 17 11 1956
73326031 5 7 2008
33288465 28 10 1974
15115352 13 8 1957
74163772 5 4 1950
36407696 4 8 1985
25752640 23 10 1996
49584049 18 1 1967
21160449 19 1 2004
83459619 16 7 2002
17984736 17 6 1988
87003307 3 3 1993
87723548 14 6 2008
41079653 26 11 2010
85408062 3 6 1953
30927410 14 1 2001
35198990 20 10 1952
98822019 2 5 1965
10005903 20 11 2000
29082319 19 10 1983
53516066 19 9 1982
47491163 9 11 2002
42455030 11 9 1957
40980462 16 6 1986
28281002 8 10 2002
92227355 17 1 1958
48091766 6 10 1978
70188430 26 10 1983
89840440 27 1 1957
22278478 19 6 1979
74633309 2 6 1992
49465913 9 7 2007
19523010 20 4 1953
74910920 18 9 1983
48948269 5 11 1955
83799357 24 2 2006
55612792 11 6 1976
54368478 5 7 1988
20755480 24 4 1954
32557921 4 2 1972
24131740 9 6 1988
36854704 8 6 1989
83042825 12 5 1984
89140211 24 7 1962
55333541 22 9 1977
65691786 9 12 1971
36138545 9 2 1976
24385619 11 7 1987
10407771 5 5 1953
31557683 7 8 1966
70493977 8 7 1987
43149353 25 10 2006
84049622 6 9 1955
89364614 27 6 1995
90624957 6 4 1967
46303207 9 11 1973
42328211 8 4 1960
33619792 2 10 1974
41199934 6 7 1968